Date	Fat	Carb	Protein	Fiber	Calories	Water	Poop_score_avg	Poop_num	Sleep_length	Sleep_deep_prop	Caffeine	Mood	Steps	HRV	Nicotine	Alcohol	Meditate	Exercise
10/07/2015	47	35	18	35	2556	105	5	3	NA	NA	125	NA	NA	0	8	0	0
12/07/2015	41	41	18	58	2229	85	5	1	NA	NA	200	NA	18233	NA	3	0	0
13/07/2015	55	27	18	45	2818	75	3	1	NA	NA	205	5	9306	NA	0	0	0
19/07/2015	41	47	12	48	3428	82	5	2	NA	NA	400	7	8200	NA	4	4	0	0
20/07/2015	55	33	13	54	3463	100	5	2	NA	NA	425	6	14439	0	6	4	0	45
22/07/2015	58	22	20	45	2662	65	5	2	NA	NA	200	4	13708	NA	2	1	0	10
21/07/2015	54	31	15	33	2278	65	2	3	NA	NA	100	NA	14342	NA	4	3	0	0
29/07/2015	45	42	13	20	2427	50	NA	0	NA	NA	300	6	13298	0	3	1	0	0
31/07/2015	49	38	13	53	3379	NA	5	22	NA	NA	300	4	14000	NA	4	11	0	0
02/08/2015	30	44	26	6	2283	68	NA	NA	NA	NA	500	7	14000	NA	0	9	0	0
03/08/2015	27	61	11	22	1565	92	3	1	NA	NA	175	5	NA	NA	1	1	0	120
05/08/2015	64	9	27	24	2874	120	6	1	NA	NA	300	5	13000	NA	1	0	0	30
06/08/2015	56	24	20	33	3568	83	5	1	NA	NA	275	5	10000	NA	4	0	0	0
10/8/2015	48	36	16	9	1904	100	3	`	NA	NA	475	8	5000	0	0	3	0	0